ADD 00508 4 120.39787242335035 2.771923086003001 101.69582288057578 13.9797868239981 2233.7387527411665 3982.290178038254 1
ADD 00507 4 103.10193455281461 0.7195944633805379 248.26482729191582 18.463704645127862 2701.697795978278 307.6201735991558 1
ADD 00503 4 127.77607721727816 2.8379884083611886 102.71376211495078 13.967008572084534 2883.3153586751505 780.8991047555487 1
ADD 00503 4 141.55748684979494 3.906323687958682 149.3685252846932 13.35090773263562 1892.5683227209383 3684.4436332245596 0
ADD 00053 1 149.58603944984264 1.3070831229604145 183.56345596769296 4.195398059372503 1644.4524953907148 6293.336128095983 1
ADD 00353 3 50.875267857688286 1.7597267453874554 178.94642010187442 2.7716092819869274 2851.588166496771 7634.382057032191 1
ADD 00357 3 82.70620105901892 4.71578800370715 161.2460995453218 2.168156650363062 2455.880004698156 8810.672651459754 1
ADD 00656 5 67.8123957488761 4.683219232895383 248.74102771035209 4.21743844117587 1979.8763054974393 7042.287505507545 0
ADD 00055 1 73.93045722241501 0.536901927877059 275.2624718870188 11.36880616980558 2161.003174708261 6844.703966689849 1
ADD 00657 5 96.03209028958247 4.824048800358232 204.93111127745624 10.705349936898662 2794.1289839400056 5434.749279944121 1
ADD 00210 2 134.14151892796463 3.5395001292812105 221.4142699197679 3.9792347163519057 1222.5600605611417 5780.316314785833 0
ADD 00059 1 68.34459032377185 4.576785650526148 177.7848832169289 1.7476343196709232 2314.1039348952845 2140.2911261189465 1
ADD 00206 2 99.43822852265833 2.4189048569123615 187.1651942206479 10.82111571016815 2669.2754366178615 7758.556085388068 0
ADD 00651 5 131.5686818173495 2.9415472765333233 275.97426991456746 16.829309095829988 1937.6513459684134 4502.276720194122 1
ADD 00354 3 104.67116402066978 1.0293442573096345 155.0496454624635 19.244094331210484 2620.443736181647 7792.41361572364 1
ADD 00054 1 66.68711846400613 1.2881404108641659 118.51203760401765 14.507398571165291 2054.762394892919 6464.925207843349 1
ADD 00206 2 60.364198019772296 0.7832613732589592 181.19951810514996 8.189701799248748 1935.3213569072257 4003.7598124149404 1
ADD 00204 2 149.26937494378353 1.3664085682681 174.3991747426213 10.564634539418412 1456.5089681039235 2619.0098466024833 0
ADD 00502 4 127.88992145529654 0.30158929711016025 269.7537297406792 13.765331751104345 2730.8073037631966 7148.404184318805 1
SEARCH 00354
SEARCH 00197
SEARCH 00293
SEARCH 00391
SEARCH 00582
SEARCH 00713
REPORT MEAN 00503
REPORT MAX 00059
REPORT MIN 00206
REMOVE 00357
REMOVE 00173
REMOVE 00250
REMOVE 00485
REMOVE 00531
REMOVE 00710
END